
          -64      0.86180      0.02270      0.73702
          -56      0.88988     -0.01250      0.73739
          -48      0.91699      0.01115      0.73776
          -40      0.93224     -0.00746      0.73813
          -32      0.96212     -0.01728      0.73851
          -24      0.97677     -0.01009      0.73888
          -16      1.01186     -0.00283      0.73925
           -8      0.99648     -0.00102      0.73963
            0      0.99904     -0.00990      0.74000
            8      0.99967     -0.01353      0.73963
           16      0.99594      0.01933      0.73925
           24      0.98748      0.00245      0.73888
           32      0.95059      0.00689      0.73851
           40      0.94733     -0.01458      0.73813
           48      0.92054     -0.00834      0.73776
           56      0.88682     -0.00887      0.73739
           64      0.88335      0.01305      0.73702
           72      0.85612     -0.00567      0.73665
           80      0.85117      0.01768      0.73627
           88      0.82273     -0.00980      0.73590
           96      0.78821      0.00359      0.73553
          104      0.78612      0.00851      0.73516
          112      0.76586      0.02192      0.73479
          120      0.74645     -0.00809      0.73442
          128      0.75442      0.00263      0.73405
          136      0.73891     -0.00598      0.73368
          144      0.74663      0.00334      0.73331
          152      0.71477     -0.00744      0.73294
          160      0.71101      0.00283      0.73257
          168      0.72058     -0.00829      0.73220
          176      0.71284     -0.00377      0.73183
          184      0.70221      0.00545      0.73146
          192      0.72442     -0.00632      0.73109
          200      0.71199     -0.01183      0.73072
          208      0.71233      0.00546      0.73035
          216      0.69669      0.00234      0.72998
          224      0.70667     -0.02474      0.72961
          232      0.71456      0.00828      0.72925
          240      0.73624      0.00497      0.72888
          248      0.70153      0.00896      0.72851
          256      0.70749      0.00193      0.72814
          264      0.71622     -0.00592      0.72778
          272      0.71782     -0.00468      0.72741
          280      0.72141      0.00304      0.72704
          288      0.70477     -0.00890      0.72667
          296      0.74187      0.00938      0.72631
          304      0.71239      0.00963      0.72594
          312      0.73782      0.00083      0.72557
          320      0.72231      0.00463      0.72521
          328      0.74454      0.01253      0.72484
          336      0.70531     -0.00801      0.72448
          344      0.71388     -0.00399      0.72411
          352      0.71112     -0.00108      0.72375
          360      0.71856     -0.00992      0.72338
          368      0.71969     -0.00882      0.72302
          376      0.73244      0.01750      0.72265
          384      0.72020      0.01810      0.72229
          392      0.71667      0.00388      0.72192
          400      0.71668     -0.01111      0.72156
          408      0.69769     -0.01568      0.72119
          416      0.71302      0.01451      0.72083
          424      0.73011      0.01509      0.72047
          432      0.71736      0.00258      0.72010
          440      0.74100      0.02235      0.71974
          448      0.71869      0.00421      0.71938
          456      0.70073      0.01049      0.71901
          464      0.69924      0.00626      0.71865
          472      0.72983     -0.01067      0.71829
          480      0.72077     -0.01276      0.71792
          488      0.69317     -0.00664      0.71756
          496      0.68206     -0.00509      0.71720
          504      0.69728     -0.01555      0.71684
          512      0.72305     -0.00353      0.71648
          520      0.70582     -0.01511      0.71611
          528      0.70330     -0.00293      0.71575
          536      0.71199     -0.00659      0.71539
          544      0.69793      0.00175      0.71503
          552      0.72323     -0.02027      0.71467
          560      0.70684     -0.01847      0.71431
          568      0.71177     -0.00347      0.71395
          576      0.70256     -0.00288      0.71359
          584      0.71638     -0.03203      0.71323
          592      0.72267     -0.00899      0.71287
          600      0.71050     -0.00353      0.71251
          608      0.69575      0.00655      0.71215
          616      0.70184     -0.00280      0.71179
          624      0.71523      0.00730      0.71143
          632      0.70962     -0.00521      0.71107
          640      0.72601     -0.00512      0.71071
          648      0.70038      0.00362      0.71035
          656      0.72101      0.00272      0.71000
          664      0.71623     -0.00220      0.70964
          672      0.72274      0.00610      0.70928
          680      0.69715      0.01526      0.70892
          688      0.70466      0.00550      0.70856
          696      0.72311     -0.00392      0.70821
          704      0.70487     -0.01187      0.70785
          712      0.72657     -0.01311      0.70749
          720      0.71381      0.00358      0.70713
          728      0.72214     -0.00235      0.70678
          736      0.72891      0.00941      0.70642
          744      0.71636      0.00035      0.70606
          752      0.70164     -0.00379      0.70571
          760      0.70136     -0.01220      0.70535
          768      0.72166      0.00947      0.70500
          776      0.71498      0.02122      0.70464
          784      0.70316      0.01738      0.70429
          792      0.71139     -0.00580      0.70393
          800      0.69614     -0.00504      0.70357
          808      0.71492     -0.01210      0.70322
          816      0.69265     -0.00197      0.70286
          824      0.69159     -0.01646      0.70251
          832      0.73042     -0.01370      0.70216
          840      0.71679      0.00649      0.70180
          848      0.72604      0.00954      0.70145
          856      0.70318     -0.00046      0.70109
          864      0.70329      0.00423      0.70074
          872      0.71632      0.01207      0.70039
          880      0.69789     -0.00007      0.70003
          888      0.68854      0.00194      0.69968
          896      0.68932      0.01074      0.69933
          904      0.69944      0.00668      0.69897
          912      0.70982      0.00206      0.69862
          920      0.69635     -0.00101      0.69827
          928      0.69622     -0.00451      0.69792
          936      0.70442     -0.01815      0.69756
          944      0.67786      0.00630      0.69721
          952      0.70625      0.00949      0.69686
          960      0.71186      0.00336      0.69651
          968      0.69827      0.00096      0.69616
          976      0.68990     -0.00768      0.69580
          984      0.71715     -0.00858      0.69545
          992      0.70905      0.00196      0.69510
         1000      0.70059     -0.01353      0.69475
         1008      0.69299     -0.00943      0.69440
         1016      0.69400      0.01154      0.69405
         1024      0.68424      0.00581      0.69370
         1032      0.69201      0.00529      0.69335
         1040      0.67705     -0.00093      0.69300
         1048      0.68327     -0.01179      0.69265
         1056      0.67559     -0.01897      0.69230
         1064      0.68931     -0.00984      0.69195
         1072      0.68960     -0.01960      0.69160
         1080      0.70546      0.00278      0.69125
         1088      0.68483     -0.01381      0.69090
         1096      0.66848      0.00734      0.69056
         1104      0.69330     -0.01472      0.69021
         1112      0.69262     -0.00090      0.68986
         1120      0.69590     -0.00799      0.68951
         1128      0.67073      0.00666      0.68916
         1136      0.67147      0.00880      0.68882
         1144      0.69569     -0.00825      0.68847
         1152      0.69425     -0.00182      0.68812
         1160      0.70127      0.01223      0.68777
         1168      0.66683     -0.00395      0.68743
         1176      0.69245      0.00850      0.68708
         1184      0.66813      0.00322      0.68673
         1192      0.68364     -0.01554      0.68639
         1200      0.68229     -0.00311      0.68604
         1208      0.68181     -0.00848      0.68569
         1216      0.70009      0.00966      0.68535
         1224      0.69020     -0.00364      0.68500
         1232      0.68544      0.01221      0.68466
         1240      0.68883     -0.00710      0.68431
         1248      0.67578      0.00326      0.68396
         1256      0.65768     -0.00062      0.68362
         1264      0.67501     -0.01894      0.68327
         1272      0.66945      0.00320      0.68293
         1280      0.69236     -0.01513      0.68259
         1288      0.67586      0.00695      0.68224
         1296      0.66570      0.00157      0.68190
         1304      0.66362      0.01773      0.68155
         1312      0.68338     -0.01545      0.68121
         1320      0.67589     -0.00174      0.68086
         1328      0.68476     -0.01328      0.68052
         1336      0.67042      0.01427      0.68018
         1344      0.68387     -0.00261      0.67983
         1352      0.68948     -0.00633      0.67949
         1360      0.67346      0.00152      0.67915
         1368      0.69700     -0.00470      0.67881
         1376      0.66217      0.01291      0.67846
         1384      0.69463     -0.00598      0.67812
         1392      0.68910     -0.00076      0.67778
         1400      0.68133      0.00329      0.67744
         1408      0.68993      0.00204      0.67709
         1416      0.67443     -0.00681      0.67675
         1424      0.65930     -0.00011      0.67641
         1432      0.68180      0.00379      0.67607
         1440      0.66465     -0.01256      0.67573
         1448      0.66906     -0.01018      0.67539
         1456      0.67807     -0.00079      0.67505
         1464      0.67548      0.00848      0.67471
         1472      0.68012     -0.00245      0.67437
         1480      0.68642      0.01570      0.67403
         1488      0.69007      0.02135      0.67369
         1496      0.67129     -0.01227      0.67335
         1504      0.66345      0.01848      0.67301
         1512      0.68013     -0.01219      0.67267
         1520      0.67383     -0.00258      0.67233
         1528      0.66389     -0.01570      0.67199
         1536      0.67641      0.01215      0.67165
         1544      0.66319      0.00793      0.67131
         1552      0.66724      0.01339      0.67097
         1560      0.67539     -0.00060      0.67063
         1568      0.69267     -0.01467      0.67029
         1576      0.66509     -0.01058      0.66996
         1584      0.69944     -0.00134      0.66962
         1592      0.65551     -0.00400      0.66928
         1600      0.67985      0.01597      0.66894
         1608      0.64352      0.00176      0.66860
         1616      0.69029     -0.00937      0.66827
         1624      0.68182     -0.00001      0.66793
         1632      0.68669     -0.01437      0.66759
         1640      0.66293     -0.01225      0.66726
         1648      0.67811     -0.00455      0.66692
         1656      0.66993      0.00283      0.66658
         1664      0.65979     -0.00089      0.66625
         1672      0.67691      0.01014      0.66591
         1680      0.66146      0.01004      0.66557
         1688      0.65897     -0.01042      0.66524
         1696      0.66320      0.00199      0.66490
         1704      0.66671     -0.00688      0.66457
         1712      0.65024      0.00780      0.66423
         1720      0.65289     -0.01919      0.66390
         1728      0.67449     -0.00188      0.66356
         1736      0.65172     -0.01245      0.66323
         1744      0.65749      0.01058      0.66289
         1752      0.65621      0.01117      0.66256
         1760      0.67500     -0.01153      0.66222
         1768      0.66755      0.00266      0.66189
         1776      0.65555      0.00414      0.66155
         1784      0.65623     -0.00571      0.66122
         1792      0.64992     -0.00118      0.66089
         1800      0.65723     -0.01153      0.66055
         1808      0.65600     -0.00115      0.66022
         1816      0.67253      0.01297      0.65989
         1824      0.65141     -0.01137      0.65955
         1832      0.64640      0.01740      0.65922
         1840      0.65169     -0.00508      0.65889
         1848      0.63309      0.01002      0.65856
         1856      0.66103     -0.01473      0.65822
         1864      0.67004     -0.00447      0.65789
         1872      0.65007     -0.00199      0.65756
         1880      0.63588     -0.00166      0.65723
         1888      0.65491     -0.02163      0.65690
         1896      0.66477      0.00062      0.65656
         1904      0.64637      0.01992      0.65623
         1912      0.65267      0.00714      0.65590
         1920      0.64191      0.01651      0.65557
         1928      0.64749     -0.00170      0.65524
         1936      0.65667     -0.00902      0.65491
         1944      0.65248     -0.00445      0.65458
         1952      0.65153     -0.00901      0.65425
         1960      0.65537     -0.00606      0.65392
         1968      0.64837     -0.02136      0.65359
         1976      0.65514      0.00722      0.65326
         1984      0.64696      0.02242      0.65293
         1992      0.65474     -0.00231      0.65260
         2000      0.64038     -0.00233      0.65227